7.150E-07 4.300E-07 1.000E-06
2.215E-06 1.430E-06 3.000E-06
4.215E-06 3.430E-06 5.000E-06
6.215E-06 5.430E-06 7.000E-06
8.215E-06 7.430E-06 9.000E-06
1.022E-05 9.430E-06 1.100E-05
1.221E-05 1.143E-05 1.300E-05
1.472E-05 1.343E-05 1.600E-05
1.821E-05 1.643E-05 2.000E-05
2.271E-05 2.043E-05 2.500E-05
2.821E-05 2.543E-05 3.100E-05
3.522E-05 3.143E-05 3.900E-05
4.421E-05 3.943E-05 4.900E-05
5.571E-05 4.943E-05 6.200E-05
7.021E-05 6.243E-05 7.800E-05
8.821E-05 7.843E-05 9.800E-05
1.107E-04 9.843E-05 1.230E-04
1.387E-04 1.234E-04 1.540E-04
1.742E-04 1.544E-04 1.940E-04
2.197E-04 1.944E-04 2.450E-04
2.767E-04 2.454E-04 3.080E-04
3.487E-04 3.084E-04 3.890E-04
4.397E-04 3.894E-04 4.900E-04
5.537E-04 4.904E-04 6.170E-04
6.977E-04 6.174E-04 7.780E-04
8.792E-04 7.784E-04 9.800E-04
1.108E-03 9.804E-04 1.235E-03
1.396E-03 1.235E-03 1.557E-03
1.760E-03 1.557E-03 1.963E-03
2.219E-03 1.963E-03 2.474E-03
2.797E-03 2.474E-03 3.120E-03
3.516E-03 3.120E-03 3.912E-03
4.396E-03 3.912E-03 4.880E-03
5.473E-03 4.880E-03 6.065E-03
6.791E-03 6.065E-03 7.517E-03
8.405E-03 7.517E-03 9.293E-03
1.038E-02 9.293E-03 1.147E-02
