 -8.0000E-04      0.0000E+00
 -7.2104E-04      1.3203E-01
 -5.1512E-04      3.8359E-01
 -2.8195E-04      6.6016E-01
  0.0000E+00      1.0000E+00
  2.3000E-07      9.9782E-01
  5.2000E-07      9.8429E-01
  1.1600E-06      9.2797E-01
  1.9900E-06      8.2184E-01
  3.9000E-06      5.4184E-01
  4.8700E-06      4.1686E-01
  5.5000E-06      3.4606E-01
  6.1200E-06      2.8486E-01
  7.4100E-06      1.8336E-01
  8.1400E-06      1.3981E-01
  8.9000E-06      1.0355E-01
  1.0580E-05      4.9335E-02
  1.2540E-05      1.6851E-02
  1.5150E-05      0.0000E+00
