    -8.0000E-004     0.0000E+000
    -7.6289E-004     6.2277E-002
    -6.5314E-004     1.8543E-001
    -4.7875E-004     3.6597E-001
    -3.0046E-004     5.7589E-001
    -1.3833E-004     7.9981E-001
     0.0000E+000     1.0000E+000
     2.0000E-008     9.9653E-001
     2.0500E-006     2.2095E-001
     2.2200E-006     1.6689E-001
     2.4100E-006     1.2185E-001
     2.5900E-006     9.0354E-002
     2.8000E-006     6.3620E-002
     3.0300E-006     4.3179E-002
     3.2900E-006     2.7684E-002
     3.9300E-006     8.7299E-003
     4.9500E-006     0.0000E+000
