 -4.0000E-03      0.0000E+00
 -3.9429E-03      1.9766E-01
 -3.8716E-03      4.5703E-01
 -3.7925E-03      7.0703E-01
 -3.7253E-03      8.9297E-01
 -3.6857E-03      9.5703E-01
 -2.1111E-03      9.7109E-01
  0.0000E+00      1.0000E+00
  3.0727E-06      9.9509E-01
  2.8869E-05      9.2040E-01
  7.1222E-05      7.8975E-01
  1.1242E-04      6.5697E-01
  1.6286E-04      4.8840E-01
  2.2061E-04      2.8941E-01
  2.7298E-04      1.0680E-01
  2.9877E-04      1.6802E-02
  3.0202E-04      7.4503E-03
  3.0621E-04      2.4787E-03
  3.1025E-04      0.0000E+00
